               Results of BinSort Experiments:                
--------------------------------------------------------------
|  n  |   paramert    |     sequence number           |  mean |
|     |               |    1     2    3    4    5     |       |
--------------------------------------------------------------
|  10 |   sravneniya  |     59   47   59   55   55    |   55  |
|  10 | peremesheniya |     23   54    0   34   23    |   26  |--------------------------------------------------------------
|  20 |   sravneniya  |    151  127  157  145  141    |  144  |
|  20 | peremesheniya |    108  209    0  119   99    |  107  |--------------------------------------------------------------
|  30 |   sravneniya  |    257  217  265  245  241    |  245  |
|  30 | peremesheniya |    244  464    0  254  266    |  245  |--------------------------------------------------------------
|  40 |   sravneniya  |    371  325  391  363  355    |  361  |
|  40 | peremesheniya |    463  819    0  439  411    |  426  |--------------------------------------------------------------
|  50 |   sravneniya  |    497  433  519  483  471    |  480  |
|  50 | peremesheniya |    695 1273    0  674  585    |  645  |--------------------------------------------------------------
|  60 |   sravneniya  |    621  541  647  553  599    |  592  |
|  60 | peremesheniya |    963 1827    0  949  926    |  933  |--------------------------------------------------------------
|  70 |   sravneniya  |    751  665  789  643  729    |  715  |
|  70 | peremesheniya |   1272 2482    0 1274 1227    | 1251  |--------------------------------------------------------------
|  80 |   sravneniya  |    889  793  939  747  867    |  847  |
|  80 | peremesheniya |   1695 3236    0 1649 1724    | 1660  |--------------------------------------------------------------
|  90 |   sravneniya  |   1027  923 1089  847 1011    |  979  |
|  90 | peremesheniya |   2227 4091    0 2074 2125    | 2103  |--------------------------------------------------------------
| 100 |   sravneniya  |   1169 1053 1239  959 1157    | 1115  |
| 100 | peremesheniya |   2850 5046    0 2548 2679    | 2624  |--------------------------------------------------------------
               Results of QuickSort Experiments:              
--------------------------------------------------------------
|  n  |   paramert    |     sequence number           |  mean |
|     |               |    1     2    3    4    5     |       |
--------------------------------------------------------------
|  10 |   sravneniya  |     44   36   28   40   44    |   38  |
|  10 | peremesheniya |      7    5    0    7    6    |    5  |--------------------------------------------------------------
|  20 |   sravneniya  |     96  104   83   98  105    |   97  |
|  20 | peremesheniya |     20   10    0   24   22    |   15  |--------------------------------------------------------------
|  30 |   sravneniya  |    208  205  153  170  220    |  191  |
|  30 | peremesheniya |     39   15    0   41   37    |   26  |--------------------------------------------------------------
|  40 |   sravneniya  |    260  220  195  278  241    |  238  |
|  40 | peremesheniya |     56   20    0   52   47    |   35  |--------------------------------------------------------------
|  50 |   sravneniya  |    390  311  307  326  405    |  347  |
|  50 | peremesheniya |     66   25    0   63   65    |   43  |--------------------------------------------------------------
|  60 |   sravneniya  |    459  399  403  405  453    |  423  |
|  60 | peremesheniya |     87   30    0   76   75    |   53  |--------------------------------------------------------------
|  70 |   sravneniya  |    559  413  451  528  635    |  517  |
|  70 | peremesheniya |    102   35    0   97   98    |   66  |--------------------------------------------------------------
|  80 |   sravneniya  |    768  554  602  619  654    |  639  |
|  80 | peremesheniya |    118   40    0  100  120    |   75  |--------------------------------------------------------------
|  90 |   sravneniya  |    815  670  588  803  855    |  746  |
|  90 | peremesheniya |    141   44    0  118  130    |   86  |--------------------------------------------------------------
| 100 |   sravneniya  |    868  819  735  763  796    |  796  |
| 100 | peremesheniya |    162   50    0   25  171    |   81  |--------------------------------------------------------------
               Results of BinSort Experiments:                
--------------------------------------------------------------
|  n  |   paramert    |     sequence number           |  mean |
|     |               |    1     2    3    4    5     |       |
--------------------------------------------------------------
|  10 |   sravneniya  |     59   47   59   55   51    |   54  |
|  10 | peremesheniya |     23   54    0   34   36    |   29  |--------------------------------------------------------------
|  20 |   sravneniya  |    151  127  157  145  139    |  143  |
|  20 | peremesheniya |    108  209    0  119   99    |  107  |--------------------------------------------------------------
|  30 |   sravneniya  |    257  217  265  245  249    |  246  |
|  30 | peremesheniya |    244  464    0  254  190    |  230  |--------------------------------------------------------------
|  40 |   sravneniya  |    371  325  391  363  361    |  362  |
|  40 | peremesheniya |    463  819    0  439  394    |  423  |--------------------------------------------------------------
|  50 |   sravneniya  |    497  433  519  483  489    |  484  |
|  50 | peremesheniya |    695 1273    0  674  612    |  650  |--------------------------------------------------------------
|  60 |   sravneniya  |    621  541  647  553  613    |  595  |
|  60 | peremesheniya |    963 1827    0  949  880    |  923  |--------------------------------------------------------------
|  70 |   sravneniya  |    751  665  789  643  743    |  718  |
|  70 | peremesheniya |   1272 2482    0 1274 1193    | 1244  |--------------------------------------------------------------
|  80 |   sravneniya  |    889  793  939  747  877    |  849  |
|  80 | peremesheniya |   1695 3236    0 1649 1431    | 1602  |--------------------------------------------------------------
|  90 |   sravneniya  |   1027  923 1089  847 1015    |  980  |
|  90 | peremesheniya |   2227 4091    0 2074 1913    | 2061  |--------------------------------------------------------------
| 100 |   sravneniya  |   1169 1053 1239  959 1151    | 1114  |
| 100 | peremesheniya |   2850 5046    0 2548 2401    | 2569  |--------------------------------------------------------------
               Results of QuickSort Experiments:              
--------------------------------------------------------------
|  n  |   paramert    |     sequence number           |  mean |
|     |               |    1     2    3    4    5     |       |
--------------------------------------------------------------
|  10 |   sravneniya  |     39   36   40   40   50    |   41  |
|  10 | peremesheniya |      7    5    0    9   10    |    6  |--------------------------------------------------------------
|  20 |   sravneniya  |    104   93   84  106  116    |  100  |
|  20 | peremesheniya |     22   10    0   22   20    |   14  |--------------------------------------------------------------
|  30 |   sravneniya  |    188  159  134  171  208    |  172  |
|  30 | peremesheniya |     33   15    0   39   30    |   23  |--------------------------------------------------------------
|  40 |   sravneniya  |    229  251  194  235  279    |  237  |
|  40 | peremesheniya |     46   20    0   54   42    |   32  |--------------------------------------------------------------
|  50 |   sravneniya  |    340  290  336  333  347    |  329  |
|  50 | peremesheniya |     72   25    0   61   70    |   45  |--------------------------------------------------------------
|  60 |   sravneniya  |    451  373  355  402  453    |  406  |
|  60 | peremesheniya |     87   30    0   91   85    |   58  |--------------------------------------------------------------
|  70 |   sravneniya  |    500  445  491  495  614    |  509  |
|  70 | peremesheniya |    112   35    0   96   96    |   67  |--------------------------------------------------------------
|  80 |   sravneniya  |    638  559  508  614  631    |  590  |
|  80 | peremesheniya |    128   40    0  107  118    |   78  |--------------------------------------------------------------
|  90 |   sravneniya  |    727  600  694  731  751    |  700  |
|  90 | peremesheniya |    148   44    0  110  134    |   87  |--------------------------------------------------------------
| 100 |   sravneniya  |    978  720  726  892  933    |  849  |
| 100 | peremesheniya |    156   50    0   25  158    |   77  |--------------------------------------------------------------
               Results of BinSort Experiments:                
--------------------------------------------------------------
|  n  |   paramert    |     sequence number           |  mean |
|     |               |    1     2    3    4    5     |       |
--------------------------------------------------------------
|  10 |   sravneniya  |     59   47   59   55   51    |   54  |
|  10 | peremesheniya |     23   54    0   34   43    |   30  |--------------------------------------------------------------
|  20 |   sravneniya  |    151  127  157  145  139    |  143  |
|  20 | peremesheniya |    108  209    0  119  125    |  112  |--------------------------------------------------------------
|  30 |   sravneniya  |    257  217  265  245  243    |  245  |
|  30 | peremesheniya |    244  464    0  254  241    |  240  |--------------------------------------------------------------
|  40 |   sravneniya  |    371  325  391  363  359    |  361  |
|  40 | peremesheniya |    463  819    0  439  443    |  432  |--------------------------------------------------------------
|  50 |   sravneniya  |    497  433  519  483  473    |  481  |
|  50 | peremesheniya |    695 1273    0  674  685    |  665  |--------------------------------------------------------------
|  60 |   sravneniya  |    621  541  647  553  595    |  591  |
|  60 | peremesheniya |    963 1827    0  949  880    |  923  |--------------------------------------------------------------
|  70 |   sravneniya  |    751  665  789  643  727    |  715  |
|  70 | peremesheniya |   1272 2482    0 1274 1171    | 1239  |--------------------------------------------------------------
|  80 |   sravneniya  |    889  793  939  747  863    |  846  |
|  80 | peremesheniya |   1695 3236    0 1649 1657    | 1647  |--------------------------------------------------------------
|  90 |   sravneniya  |   1027  923 1089  847 1011    |  979  |
|  90 | peremesheniya |   2227 4091    0 2074 2075    | 2093  |--------------------------------------------------------------
| 100 |   sravneniya  |   1169 1053 1239  959 1159    | 1115  |
| 100 | peremesheniya |   2850 5046    0 2548 2625    | 2613  |--------------------------------------------------------------
               Results of QuickSort Experiments:              
--------------------------------------------------------------
|  n  |   paramert    |     sequence number           |  mean |
|     |               |    1     2    3    4    5     |       |
--------------------------------------------------------------
|  10 |   sravneniya  |     41   44   31   34   33    |   36  |
|  10 | peremesheniya |      7    5    0    7    9    |    5  |--------------------------------------------------------------
|  20 |   sravneniya  |    106   98   77  119   96    |   99  |
|  20 | peremesheniya |     20   10    0   22   27    |   15  |--------------------------------------------------------------
|  30 |   sravneniya  |    169  135  153  190  184    |  166  |
|  30 | peremesheniya |     35   15    0   35   37    |   24  |--------------------------------------------------------------
|  40 |   sravneniya  |    249  250  257  247  256    |  251  |
|  40 | peremesheniya |     48   20    0   46   47    |   32  |--------------------------------------------------------------
|  50 |   sravneniya  |    387  281  266  388  364    |  337  |
|  50 | peremesheniya |     62   25    0   59   69    |   43  |--------------------------------------------------------------
|  60 |   sravneniya  |    446  387  345  445  458    |  416  |
|  60 | peremesheniya |     84   30    0   79   88    |   56  |--------------------------------------------------------------
|  70 |   sravneniya  |    594  488  406  503  501    |  498  |
|  70 | peremesheniya |    106   35    0   99  109    |   69  |--------------------------------------------------------------
|  80 |   sravneniya  |    672  507  571  655  646    |  610  |
|  80 | peremesheniya |    117   40    0  104  129    |   78  |--------------------------------------------------------------
|  90 |   sravneniya  |    704  706  625  793  763    |  718  |
|  90 | peremesheniya |    131   44    0  119  139    |   86  |--------------------------------------------------------------
| 100 |   sravneniya  |    932  702  665  847  855    |  800  |
| 100 | peremesheniya |    157   50    0   25  152    |   76  |--------------------------------------------------------------
               Results of BinSort Experiments:                
--------------------------------------------------------------
|  n  |   paramert    |     sequence number           |  mean |
|     |               |    1     2    3    4    5     |       |
--------------------------------------------------------------
|  10 |   sravneniya  |     59   47   59   55   53    |   54  |
|  10 | peremesheniya |     23   54    0   34   41    |   30  |--------------------------------------------------------------
|  20 |   sravneniya  |    151  127  157  145  143    |  144  |
|  20 | peremesheniya |    108  209    0  119  139    |  115  |--------------------------------------------------------------
|  30 |   sravneniya  |    257  217  265  245  247    |  246  |
|  30 | peremesheniya |    244  464    0  254  280    |  248  |--------------------------------------------------------------
|  40 |   sravneniya  |    371  325  391  363  357    |  361  |
|  40 | peremesheniya |    463  819    0  439  440    |  432  |--------------------------------------------------------------
|  50 |   sravneniya  |    497  433  519  483  473    |  481  |
|  50 | peremesheniya |    695 1273    0  674  562    |  640  |--------------------------------------------------------------
|  60 |   sravneniya  |    621  541  647  553  597    |  591  |
|  60 | peremesheniya |    963 1827    0  949  900    |  927  |--------------------------------------------------------------
|  70 |   sravneniya  |    751  665  789  643  727    |  715  |
|  70 | peremesheniya |   1272 2482    0 1274 1160    | 1237  |--------------------------------------------------------------
|  80 |   sravneniya  |    889  793  939  747  867    |  847  |
|  80 | peremesheniya |   1695 3236    0 1649 1541    | 1624  |--------------------------------------------------------------
|  90 |   sravneniya  |   1027  923 1089  847 1007    |  978  |
|  90 | peremesheniya |   2227 4091    0 2074 1887    | 2055  |--------------------------------------------------------------
| 100 |   sravneniya  |   1169 1053 1239  959 1149    | 1113  |
| 100 | peremesheniya |   2850 5046    0 2548 2233    | 2535  |--------------------------------------------------------------
               Results of QuickSort Experiments:              
--------------------------------------------------------------
|  n  |   paramert    |     sequence number           |  mean |
|     |               |    1     2    3    4    5     |       |
--------------------------------------------------------------
|  10 |   sravneniya  |     41   47   28   41   43    |   40  |
|  10 | peremesheniya |      7    5    0    9    7    |    5  |--------------------------------------------------------------
|  20 |   sravneniya  |    115   82   89   93   91    |   94  |
|  20 | peremesheniya |     20   10    0   20   21    |   14  |--------------------------------------------------------------
|  30 |   sravneniya  |    179  156  139  202  165    |  168  |
|  30 | peremesheniya |     39   15    0   35   39    |   25  |--------------------------------------------------------------
|  40 |   sravneniya  |    313  218  232  229  253    |  249  |
|  40 | peremesheniya |     48   20    0   44   49    |   32  |--------------------------------------------------------------
|  50 |   sravneniya  |    308  336  302  334  405    |  337  |
|  50 | peremesheniya |     64   25    0   69   58    |   43  |--------------------------------------------------------------
|  60 |   sravneniya  |    433  439  440  434  440    |  437  |
|  60 | peremesheniya |     81   30    0   86   82    |   55  |--------------------------------------------------------------
|  70 |   sravneniya  |    598  592  506  496  528    |  544  |
|  70 | peremesheniya |    103   35    0  105   87    |   66  |--------------------------------------------------------------
|  80 |   sravneniya  |    644  582  597  605  676    |  620  |
|  80 | peremesheniya |    117   40    0  107  108    |   74  |--------------------------------------------------------------
|  90 |   sravneniya  |    720  576  654  739  774    |  692  |
|  90 | peremesheniya |    139   44    0  101  133    |   83  |--------------------------------------------------------------
| 100 |   sravneniya  |    822  847  689  739  805    |  780  |
| 100 | peremesheniya |    163   50    0   25  146    |   76  |--------------------------------------------------------------
